1 1 0.0 0.0 100.0 520.0 640.0 1580.0 1400.0 14.6 21.6 553.0 2388.0 9046.0 1.3 47.4 522.0 2388.0 8138.0 8.4 0.03 393.0 2388.0 100.0 39.0 23.4
1 2 0.0 0.0 100.0 521.0 641.0 1581.0 1401.0 14.6 21.6 553.0 2388.0 9045.0 1.3 47.5 523.0 2388.0 8137.0 8.5 0.03 394.0 2388.0 100.0 39.1 23.5
1 3 0.0 0.0 100.0 522.0 642.0 1582.0 1402.0 14.6 21.6 553.0 2388.0 9044.0 1.3 47.6 524.0 2388.0 8136.0 8.6 0.03 395.0 2388.0 100.0 39.2 23.6
1 4 0.0 0.0 100.0 523.0 643.0 1583.0 1403.0 14.6 21.6 553.0 2388.0 9043.0 1.3 47.7 525.0 2388.0 8135.0 8.7 0.03 396.0 2388.0 100.0 39.3 23.7
1 5 0.0 0.0 100.0 524.0 644.0 1584.0 1404.0 14.6 21.6 553.0 2388.0 9042.0 1.3 47.8 526.0 2388.0 8134.0 8.8 0.03 397.0 2388.0 100.0 39.4 23.8
2 1 0.0 0.0 100.0 519.0 639.0 1579.0 1399.0 14.5 21.5 552.0 2387.0 9047.0 1.2 47.3 521.0 2387.0 8139.0 8.3 0.03 392.0 2387.0 100.0 38.9 23.3
2 2 0.0 0.0 100.0 520.0 640.0 1580.0 1400.0 14.6 21.6 553.0 2388.0 9046.0 1.3 47.4 522.0 2388.0 8138.0 8.4 0.03 393.0 2388.0 100.0 39.0 23.4
2 3 0.0 0.0 100.0 521.0 641.0 1581.0 1401.0 14.6 21.6 553.0 2388.0 9045.0 1.3 47.5 523.0 2388.0 8137.0 8.5 0.03 394.0 2388.0 100.0 39.1 23.5
2 4 0.0 0.0 100.0 522.0 642.0 1582.0 1402.0 14.6 21.6 553.0 2388.0 9044.0 1.3 47.6 524.0 2388.0 8136.0 8.6 0.03 395.0 2388.0 100.0 39.2 23.6
2 5 0.0 0.0 100.0 523.0 643.0 1583.0 1403.0 14.6 21.6 553.0 2388.0 9043.0 1.3 47.7 525.0 2388.0 8135.0 8.7 0.03 396.0 2388.0 100.0 39.3 23.7
